HW_A05
48*35
4.4735*6.6323|0|0
-220,-30
Border: Solid




0

1|1|1|1|1|1|1|1|1,4,3|1|1|1|1|1|1|1|1|1|1|1|1|1|1|1|1|1|1|1|1|1|1|1|1|1|1|1|1|1|1|1|1|1|1|1,3|1|1|1|1|1|1,3|1,3|1,3|1,3|1,3|1,3|1,3|1|1|1|1|1|1|1|1|1|1|1|1|1|1|1|1|1|1|1|1|1|1|1,3|1|1|1|1|1|1,3|1|1|1|1|1|1,3|1|1|1|1|1|1|1|1|1|1|1|1|1|1|1|1|1|1|1|1|1|1|4,3|1|1|1|1|1|1,3|1|1|1|1|1|1,3|1|1|1|1|1|1|1|1|1|1|1|1|1|1|1|1|1|1|1|1|1|1|0|1|1|1|1|1|1,3|1|1|1|1|1|4,3,6|1|1|1|1|1|1|1|1|1|1|1|1|1|1|1|1|1|0|0|0|0|0|0|0|1|1|1|1|4,3,6|1|1|1|1|1|0,6|1|1|1|1|1|1|1|1|1|1|1|1|1|1|1|1|1|0|0|0|0|0|0|0|1|1|1|1|0,6|1|1|1|1|1|0,6|0,6|0,6|0,6|0,6|0,6|0,6|0,6|0,6|1|1|1|1|1|1|1|1|1|0|0|0|0|0|0|0|1|1|1|1|0,6|1|1|1|1|1|0,6|1|1|1|1|1|1|1|0,6|1|1|1|1|1|1|1|1|1|0|0|0|0|0|0|0|3,6|0,6|0,6|0,6|0,6|1|1|1|1|1|0,6|1|1|1|1|1|1|1|0,6|1|1|1|1|1|1|1|1|1|0|0|0|0|0|0|0|1|1|1|1|1|1|1|1|1|1|0,6|1|1|1|1|1|1|1|0,6|1|1|1|1|1|1|1|1|1|0|0|0|0|0|0|0|0|0|0|0|0|0|0|0|0|0|0|0|0|0|0|0|0,6|0,6|0,6|0,6|1|1|1|1|1|1|1|1|0|0|0|0|0|0|0|0|0|0|0|0|0|0|0|0|0|0|0|0|0|0|0|0,6|0,6|0,6|0,6|1|1|1|1|1|1|1|1|0,6|0,6|0,6|0,6|0,6|0,6|0,6|0,6|0,6|0,6|0,6|0,6|0,1,6|0,1,6|0,1,6|0,1,6|0,1,6|1|1|2,1,6|0,1,6|0,1,6|0,1,6|0,1,6|1|1|1|1|1|1|1|1|1|1|1|0,6|0,6|0,6|0,6|0,6|0,6|0,6|0,6|0,6|0,6|0,6|0,6|0,6|0,6|0,6|1|1|1|1|1|1|0,6|0,6|0,6|1|1|1|1|1|1|1|1|1|1|1|0,6|0,6|0,6|0,6|0,6|0,6|0,6|0,6|0,6|0,6|0,6|0,6|0,6|0,6|0,6|1|1|1|1|1|1|0,6|0,6|0,6|1|1|1|1|1|1|1|1|1|1|1|0,6|0,6|0,6|0,6|0,6|0,6|0,1,6|0,1,6|0,1,6|0,1,6|0,1,6|0,1,6|0,1,6|0,1,6|0,1,6|0,1,6|0,1,6|1|1|2,1,6|0,1,6|0,1,6|0,1,6|0,1,6|1|1|1|1|1|1|1|1|1|1|1|0|0|0|0|0|0|0|0|0|0|0|0|0|0|0|0|0|0|0|0|0|0|0|0|0|0,6|1|1|1|1|1|1|1|1|1|0,1|0,1|0,1|0,1|0,1|0,1|0,1|0,1|0,1|0,1|1|1|2|0|0|0|0|0|0|0|0|0|0|0|0|0,6|1|1|1|1|1|1|1|1|1|0|0|0|0|0|0|0|0|0|0|1|1|1|0|0|0|0|0|0|0|0|0|0|0|0|0|0,6|0,6|1|1|1|1|0|0|0|0|0|0|0|0|0|0|0|0|0|1|1|1|0,1,6|0,1,6|1|1|2,1,6|0,1,6|0,1,6|0,1,6|0,1,6|1|1|2,1,6|0,1,6|0,1,6|0,1,6|1|1|1|1|0|0|0|0|0|0|0|0|0|0|0|0|0|1|1|1|0,6|0,6|1|1|1|1|0,6|0,6|0,6|1|1|1|1|0,6|0,6|0,6|1|1|1|0|0|0|0|0|0|0|0|0|0|0|0|0|1|1|1|0,6|0,6|1|1|1|1|0,6|0,6|0,6|1|1|1|1|0,6|0,6|0,6|1|1|1|0|0|0|0|0|0|0|0|0|0|0|0|0|1|1|1|0,1,6|0,1,6|1|1|2,1,6|0,1,6|0,1,6|0,1,6|0,1,6|1|1|2,1,6|0,1,6|0,1,6|0,1,6|1|1|1|1|0|0|0|0|0|0|0|0|0|0|0|0|0|1|1|1|0,6|0,6|0,6|0,6|0,6|0,6|0,6|0,6|0,6|0,6|0,6|0,6|0,6|0,6|0,6|1|1|1|1|0|0|0|0|0|0|0|0|0|0|0|0|0|1|1|1|0,6|0,6|0,6|0,6|0,6|0,6|0,6|0,6|0,6|0,6|0,6|0,6|0,6|0,6|0,6|1|1|1|1|0|0|0|0|0|0|0|0|0|0|0|0|0|1|1|1|0,1,6|0,1,6|0,1,6|0,1,6|0,1,6|0,1,6|0,1,6|1|1|2,1,6|0,1,6|0,1,6|0,1,6|0,1,6|0,1,6|1|1|1|1|0|0|0|0|0|0|0|0|0|0|0|0|0|1|1|1|0,6|0,6|0,6|0,6|0,6|1|1|1|1|1|1|0,6|0,6|0,6|0,6|1|1|1|1|0|0|0|0|0|0|0|0|0|0|0|0|0|1|1|1|0,6|0,6|0,6|0,6|0,6|1|1|1|1|1|1|0,6|0,6|0,6|0,6|1|1|1|1|0|0|0|0|0|0|0|0|0|0|0|0|0|1|1|1|0,1,6|0,1,6|0,1,6|0,1,6|0,1,6|0,1,6|0,1,6|1|1|2,1,6|0,1,6|0,1,6|0,1,6|0,1,6|1|1|1|1|1|1|1|1|0|0|0|0|0|0|0|0|0|0|1|1|1|0|0|0|0|0|0|0|0|0|0|0|0|0,6|1|1|1|1|1|1|1|1|1|0,1|0,1|0,1|0,1|0,1|0,1|0,1|0,1|0,1|0,1|1|1|2|0|0|0|0|0|0|0|0|0|0|0|0|0,6|1|1|1|1|1|1|1|1|1|0|0|0|0|0|0|0|0|0|0|0|0|0|0|0|0|0|0|0|0|0|0|0|0|0,6|1|1|1|1|1|1|1|1|1|1|0,6|0,6|0,6|0,6|0,6|0,1,6|0,1,6|0,1,6|0,1,6|0,1,6|0,1,6|1|1|2,1,6|0,1,6|0,1,6|0,1,6|0,1,6|0,1,6|1|1|2,1,6|0,1,6|0,1,6|1|1|1|1|1|1|1|1|1|1|1|0,6|0,6|0,6|0,6|0,6|0,6|0,6|0,6|0,6|1|1|1|1|1|1|0,6|0,6|0,6|0,6|1|1|1|1|0,6|1|1|1|1|1|1|1|1|1|1|1|0,6|0,6|0,6|0,6|0,6|0,6|0,6|0,6|0,6|1|1|1|1|1|1|0,6|0,6|0,6|0,6|1|1|1|1|0,6|1|1|1|1|1|1|1|1|1|1|1|0,6|0,6|0,6|0,1,6|0,1,6|0,1,6|0,1,6|0,1,6|0,1,6|0,1,6|0,1,6|1|1|2,1,6|0,1,6|0,1,6|0,1,6|0,1,6|0,1,6|1|1|2,1,6|0,1,6|0,1,6|1|1|1|1|1|1|1|1|1|1|1|0|0|0|0|0|0|0|0|0|0|0|0|0|0|0|0|0|0|0|0|0|0|0|0|0,6|0,6|0,6|1|1|1|1|1|1|1|1|0|0|0|0|0|0|0|0|0|0|0|0|0|0|0|0|0|0|0|0|0|0|0|0|0|0,6|0,6|1|1|1|1|1|1|1|1|0,1|0,1|0,1|0,1|0,1|0,1|1|1|2|0|0|0|0|0|0|0|0|0|0|0|0|0|0|1|1|0,6|1|1|1|1|1|1|1|1|1|0|0|0|0|0|0|1|1|1|0|0|0|0|0,6|0|1|1|0,1|0,1|0,1|0,1|0,1|0,1|1|1|0,6|1|1|1|1|1|1|1|1|1|0|0|0|0|0|0|1|1|1|0|0|0|0,6|0,6|0,6|1|1|0|0|0|0|0|0|1|1|0,6|1|1|1|1|1|1|1|1|1|0|0|0|0|0|0|1|1|1|0|0|0|0|0,6|0|1|1|0|0|0|0|0|0|3,6|0,6|0,6|1|1|1|1|1|1|1|1|1|0|0|0|0|0|0|1|1|1|0|0|0|0|0|0|1|1|0|0|0|0|0|0,6|1|1|1|1|1|1|1|1|1|1|1|1|1|1|1|1|0|1|1|1|1|1|1|1|1|0|1|1|1|1|1|1|1|0|1|1|1|1|1|1|1|1|1|1|1|1|1|1|1|1|1|4,3|1|1|1|1|1|1|1|1|4,3|1|1|1|1|1|1|1|4,3|1|1|1|1|1|1|1|1|1|1|1|1|1|1|1|1|1|1,3|1|1|1|1|1|1|1|1|1,9,3|1|1|1|1|1|1|1|1,3|1|1|1|1|1|1|1|1|1|1|1|1,4,3|1,3|1,3|1,3|1,3|1,3|1,3|1|1|1|1|1|1|1|1|1|1|1|1|1|1|1|1|1,3|1|1|1|1|1|1|1|1|1|1|1|1|1|1|1|1|1|1|1|1|1|1|1|1|1|1|1|1|1|1|1|1|1|1|1,4,3|1|1|1|1|1|1|1|1|1|1|
