HW_A06
51*35
0.0000*1.0000|0|0
-202,-52
Border: Solid




0

0|0|0|0|0|0|0|0|0|0|0|0|0|0|0|0|0|0|0|0|0|0|0|0|0|0|0|0|0|0|0|0|0|0|0|0|0|0|0|0|0|0|0|0|0|0|0|0|0|0|0|0|0|0|0|0|0|0|0|0|0|0|0|0|0|0|0|0|0|0|0|0|0|0|0|0|0|0|0|0|0|0|0|0|0|0|0|0|0|0|0|0|0|0|0|0|0|0|0|0|0|0|0|0|0|0|0|0|0|0|0|0|0|0|0|0|0|0|0|0|0|0|0|0|0|0|0|0|0|0|0|0|0|0|0|0|0|0|0|0|0|0|0|0|0|0|0|0|0|0|0|0|0|0|0|0|0|0|0|0|0|0|0|0|0|0|0|0|0|0|0|0|0|0|0|0|0|0|0|0|0|0|0|0|0|0|0|0|0|0|0|0|0|0|0|0|0|0|0|0|0|0|0|0|0|0|0|0|0|0|0|0|0|0|0|0|0|0|0|0|0|0|0|0|0|0|0|0|0|0|0|0|0|0|0|0|0|0|0|0|0|0|0,6|0,6|0,6|0|0|0|0|0|0|0|0|0|0|0|0|0|0|0|0|0|0|0|0|0|0|0|0|0|0|0|0|0|0|0|0|0,6|0,6|0,6|0|0|0|0|0|0|0|0|0|0|0|0|0|0|0|0|0|0|0|0|0|0|0|0|0|0|0|0|0|0|0|0,6|0,6|0,6|0,6|0|0|0|0|0|0|0|0|0|0|0|0|0|0|0|0|0|0|0|0|0|0|0|0|0|0|0|0|0,1|0,1|0,1|0,1,6|1|1|1|0|0|0|0|0,6|0|0|0|0|0|0|0|0|0|0|0|0|0|0|0|0|0|0|0|0|0|0|0|0|0|1|1|1|1|1|0|0|0|0|0,6|0|0|0|0|0|0|0|0,6|0|0|0|0|0|0|0|0|0|0|0|0|0|0|1|0,6|1|1|1|1|1|1|0|0|0|0,6|0,6|0|0|0|0|0|0|0|0,6|0|0|0|0|0|0|0|0|0|0,1|0,1|0,1|0,1|1|1|0,6|1|1,3|1,3|1,3|1,3|1,4,3|0|0|0|0,6|0,6|0|0|0|0|0|0|0|0,6|0|0|0|0|0|0|0|0|0|0|0|0|0|1|1|0,6|1|1,3|1|1|1|1|0|0|0,6|0,6|0,6|0|0|0|0|0|0|0|0,6|0|0|0|0|0|0|1|1|0|0|0|0|0,6|1|1|0,6|1|1,3|1|1|1|1|0|0|0,6|0,6|0,6|0|0|0|0|0|0|0|0,6|0|0|0|0|0|0|1|1|0|0|0|0|0,6|1|1|0,6|1|1,3|1|1|1|1|0|0|0,6|0,6|0,6|0|0|0|0|0|0|0|0,6|0|0|0|0|0|0|1|1|2|0|0|0|0,6|1|1|0,6|1|1,3|1|1|1|1|0|0|0,6|0,6|0,6|0|0|0|0|0|0|0|0,6|0,1|0,1|0,1|0,1|0,1|0,1,6|1|1|1|0,1|0,1|0,1|0,1,6|1|1|0,6|1|1,3|1|1|1|1|0|0|0,6|0,6|0,6|0|0|0|0|0|0|0|0,6|0|0|0|0|0|0,6|3,6|4,3,6|1,3|0,3,6|0,3,6|0,3,6|0,3,6|1,3|1,3|0,3,6|1,3|1,3|1|1|1|1|0|0|0,6|0|0,6|0|0|0|0|0|0|0|0,6|0|0|0|0|0|0,6|1|1|1|0|0|0|0,6|1|1|0,6|1|1|1|1|1|1|0|0|0|0|0,6|0|0|0|0|0|0|0|0|0|0|0|0|0|0,6|1|1|1|0|0|0|0,6|1|1|0,6|3,6|4,3,3,6|1,3|1,3|1,3|1|0|0|0|0|0,6|0|0|0|0|0|0|0|0|0|0|0|0|0|1|1|1|1|1|2|0|0,6|0,6|1|0,6|1|1|1|1|1,3|1|0|0|0|0,6|0,6|0,6|0|0|0,1|0,1|0,1|1|1|2,1|0,1|0,1|0,1|0,1|3,1,6|4,3,6|1,3|1,9,3|1|1|0|0,6|0,6|1|0,6|1|1|1|1|1,3|1|0|0|0,6|0,6|0,6|0,6|0|0|0|0|0|1|1|1|1|0|0|0|1|1|1|1|1|1|0|0,6|0,6|1|0,6|1|1|1|1|1,3|1|0|0|0,6|0,6|0,6|0|0|0|0|0|0|1|1|1|1|0|0|0|0|1|1|1|1|2|0|0,6|0,6|1|0,6|1|1|1|1|1,3|1|0|0|0,6|0,6|0,6|0|0|0|0|0,1|0,1|1|1|2,1|0,1|0,1|0,1|0,1|0,1|1|1|1|2,1|0,1|0,1|0,1,6|0,1,6|1|0,6|1|1|1|1|1,3|1|0|0|0,6|0,6|0,6|0|0|0|0|0|0|0|0|0|0|0|0|0|0|1|0,2|0|0|0|0|0,6|0,6|1|0,6|1|1|1|1|1,3|1|0|0|0,6|0,6|0,6|0|0|0|0|0|0|0|0|0|0|0|0|0|0|0|0,2|0|0|0|0|0,6|0,6|1|0,6|1|1|1|1|1,3|1|0|0|0,6|0|0,6|0|0|0|0|0|0|0|0|0|0|0|0|0|0|0|0,2|0|0|0|0,6|0,6|0,6|1|0,6|1|1|1|1|1,3|1|0|0|0,6|0|0,6|0|0|0|0|0|0|0|0|0|0|0|0|0,6|0,6|0|0,2|0|0|0|0,6|0,6|0,6|0,6|0,6|1|1|1|1|1,3|1|0|0|0,6|0,6|0,6|0,6|0|0|0|0|0|0|0|0|0|0|0|0,6|0,6|0,6|0,6|0|0|0|0,6|0,6|0,6|1|1|1|1|1|1|1,3|1|0|0|0,6|0,6|0,6|0,6|0|0|0|0|0|0|0|0|0|0|0|0,6|0,6|0,6|0,6|0|0|0|0,6|0,6|0,6|1|1|1|1|1|1|1,3|1|0|0|0,6|0,6|0,6|0|0|0|0|0|0|0|0|0|0|0|0|0,6|0,6|0|0|0|0|0,6|0,6|0,6|0,6|3,6|4,3,3,6|1,3|1,3|1,3|1,3|1,3|1|0|0|0,6|0|0,6|0|0|0|0|0|0|0|0|0|0|0|0|0|0|0|0|0|0|0,6|0,6|0,6|0,6|1|1|1|1|1|1|1|1|0|0|0,6|0|0,6|0|0|0|0|0|0,1|0,1|1|1|2,1|0,1|0,1|0,1|0,1|0,1|0,1,6|0,1,6|0,1,6|1|1|0,6|1|1|1|1|1|1|1|1|1|0|0|0,6|0|0,6|0|0|0|0|0|0|0|1|1|1|1|0|0|0|0|0,6|1|1|1|1|4,3,6|1|1|1|1|1|1|1|1|1|0|0,6|0,6|0|0,6|0,6|0|0|0|0|0|0|1|1|1|1|0|0|0|0|0,6|1|1|1|1|1,3|1|1|1|1|1|1|1|1|1|0|0,6|0,6|0,6|0,6|0,1,6|0,1|0,1|0,1|0,1|0,1|0,1|1|1|2,1|0,1|0,1|0,1|0,1|0,1,6|0,1,6|1|1|1|1|1,9,3|1|1|1|1|1|1|1|1|1|0|0,6|0,6|0,6|0,6|0,6|0,6|0|0|0|0|0|0|0|0|0|0|0|0|0,6|0,6|1|1|1|1|1|1|1|1|1|1|1|1|1|1|0,6|0,6|0,6|0,6|0,6|0,6|0,6|0|0|0|0|0|0|0|0|0|0|0|0|0,6|1|1|1|1|1|1|1|1|1|1|1|1|1|1|1|0,6|0,6|0,6|0,6|0,6|0,6|0,6|0,6|0|0|0|0|0|0|0|0|0,6|0,6|0,6|0,6|1|1|1|1|1|1|1|1|1|1|1|1|1|1|1|0,6|0,6|0,6|0,6|0,6|0,6|0,6|0,6|0,6|0,6|0,6|0,6|0,6|0,6|0,6|0,6|0,1,6|0,1,6|0,1,6|0,1,6|1|1|1|1|1|1|1|1|1|1|1|1|1|1|1|0,6|0,6|0,6|0,6|0,6|0,6|1|0,6|0,6|0,6|0,6|0,6|0,6|0,6|0,6|0,6|0,6|0,6|0,6|0,6|1|1|1|1|1|1|1|1|1|1|1|1|1|1|1|0,6|0,6|0,6|0,6|0,6|0,6|1|1|0,6|0,6|0,6|0,1,6|0,1,6|0,1,6|1|1|1|1|1|1|1|1|1|1|1|1|1|1|1|1|1|1|1|1|1|1|1|0,6|1|1|0,6|1|1|1|1|1|1|1|1|1|1|1|1|1|1|1|1|1|1|1|1|1|1|1|1|1|1|1|1|1|1|1|4,3,6|1|1|4,3,2,6|1|1|1|1|1|1|1|1|1|1|1|1|1|1|1|1|1|1|1|1|1|1|1|1|1|1|1|1|1|1|1|1,3|1|1|1,3|1|1|1|1|1|1|1|1|1|1|1|1|1|1|1|1|1|1|1|1|1|1|1|1|1|1|1|1|1|1|1|1,9,3|1|1|1,3|1|1|1|1|1|1|1|1|1|1|1|1|1|1|1|1|1|1|1|1|1|1|1|1|1|1|1|1|1|1|1|1|1|1|1,3|1|1|1|1|1|1|1|1|1|1|1|1|1|1|1|1|1|1|1|1|1|1|1|1|1|1|1|1|1|1|1|1|1|1|1,4,3|1|1|1|1|1|1|1|1|1|1|1|1|1|1|1|1|1|1|1|1|1|1|1|1|1|1|1|1|1|1|1|1|1|1|1|1|1|1|1|1|1|1|1|1|1|1|1|1|1|1|1|1|1|1|1|1|1|1|1|1|1|1|1|1|
