HW_B01
100*36
0.0000*1.0000|0|0
-209,-37|813,-36
Border: Solid




0

1|1|1|1|1|1|1|1|1|1|1|1|1|1|1|1|1|1|1|1|1|1|1|1|1|1|1,4,3|1,3|1|1|1|1|1|1|1|1|1|1|1|1|1|1|1|1|1|1|1|1|1|1|1|1|1|1|1|1|1|1|1|1|1|1|1|1,3|1|1|1|1|1|1|1|1|1|1|1|1|1|1|1|1|1|1|1|1|1|1|1|1|1|1|1|1|1|1|1|1|1|1|1|1,3|1|1|1|1|1|1|1|1|1|1|1|1|1|1|1|1|1|1|1|1|1|1|1|1|1|1|1|1|1|1|1|1|1|1|1|4,3|1|1|1|1|1|1|1|1|1|1|1|1|1|1|1|1|1|1|1|1|1|1|1|1|1|1|1|1|1|1|1|1|1|1|1|0|1|1|1|1|1|1|1|1|1|1|1|1|1|1|0,6|1|0|2|1|1|1|1|1|1|1|1|1|1|1|1|1|1|0|1|0|0|2|1|1|1|1|1|1|1|1|1|1|1|1|1|0,6|0|0|0|2,6|1|1|1|1|1|1|1|1|1|1|1|1|1|0,6|0,6|0,6|0,6|0,6|1|1|1,3|1|1|1|1|1|1|0,6|0|1|1|0,6|0|0|0|0,6|1|1|0,6|0|0|1|1|1|0|0,6|0|1|1|0|0|0|0|0|1|1|1,3|1|1|1|1|1|1|0,6|0,6|0|0|0,6|0|0|0|0,6|0|0|0,6|0|0|0|0|0|0|0|0|0|0|0|0|0|0|0|1|1|1,3|1|1|1|1|1|1|0,1,6|0,1,6|0,1|0,1|0,1,6|1|1|1|0,1,6|0,1|0,1|0,1,6|0,1|0,1|0,1|0,1|0,1|0|0|0|0|0|0|0|0,1|0,1|0,1|1|1|1,3|1|1|1|1|1|1|0,6|0,6|0|0|0,6|1|1|1|0,6|0|0|0,6|0|0|0|0|0|0|0|0|0|0|0|0|0|0|0|1|1|1,3|1|1|1|1|1|1|0,6|0,6|0|0|0,6|1|1|1|0,6|0|0|0|0|0|0|0|0|0|0|0|0|0,2|0|0|0|0|1|1|1|1,3|1|1|1|1|1|1|0,6|0,6|0|0|0,6|1|1|1|0,6|0|0|0|0|0|0|0|0|0|0|0|0|0,2|0|0|0|2|1|1|1|1,3|1|1|1|1|1|1|0,1,6|0,1,6|0,1|0,1|0,1,6|1|1|1|0,1,6|0,1|0|0|0|0|0|0|0|0|0|0,1|0,1|0,1,2|0,1|0,1|2,1|1|1|1|1|1,3|1|1|1|1|1|1|0,6|0,6|0|1|0,6|0|0|0|0,6|1|0|0|0|0|0|0|0|0|0|0|0|0|0|2|1|1|1|1|1|1,3|1|1|1|1|1|2,6|0,6|0,6|2|1|1|1|1|1|1|1|0|1|0|0|0|0|0|0|0|0|0|0|0|1|1|1|1|1|1|1,3|1|1|1|1|1|0,6|0,6|2,6|1|1|1|1|1|1|1|1|1|1|0|0|1|0|0|0|0|0|0|1|1|3|4,3|1,3|1,3|1,3|1,3|1,3|1|1|1|1|1|0,6|0,6|1|1|1|1|1|1|1|1|1|1|1|0,6|0,6|1|0|0|0|0|0|1|1|1|1|1|1|1|1|1|1|1|1|1|1|1|0,6|0,6|1|1|1|1|1|1|1|1|1|1|1|0|0|1|0|0|0|0|0|1|1|1|1|1|1,3|1,3|1,3|1,3|1,3|1,3|1,3|1|1|1|0,6|0,6|1|1|1|1|1|1|1|1|1|1|1|0,6|0,6|1|0|0|0|0|0|1|1|1|1|1|1|1|1|1|1|1|1|1|1|1|0,6|0,6|2,6|1|1|1|1|1|1|1|1|1|1|0|0|1|0|0|0|0|0|0|0|0|3|4,3|1,3|1,3|1,3|1,3|1,3|1|1|1|1|1|2,6|0,6|0,6|2|1|1|1|1|1|1|1|0|1|0|0|0|0|0|0|0|0|0|0|0|1|1|1|1|1|1|1,3|1|1|1|1|1|1|0,6|0,6|0|1|0,6|0|0|0|0,6|1|0|0|0|0|0|0|0|0|0|0|0|0|0|2|1|1|1|1|1|1,3|1|1|1|1|1|1|0,1,6|0,1,6|0,1|0,1|0,1,6|1|1|1|0,1,6|0,1|0,1|0,1|0,1|0,1|0,1|0,1|0,1|0,1|0|0|0|0|0,1|0,1|2,1,2|1|1|1|1|1,3|1|1|1|1|1|1|0,6|0,6|0|0|0,6|1|1|1|0,6|0|0|0|0|0|0|0|0|0|0|0|0|0|0|0|0,2|2|1|1|1|1,3|1|1|1|1|1|1|0,6|0,6|0|0|0,6|1|1|1|0,6|0|0|0|0|0|0|0|0|0|0|0|0|0|0|0|0,2|0|1|1|1|1,3|1|1|1|1|1|1|0,6|0,6|0|0|0,6|1|1|1|0,6|0|0|0|0|0|0|0|0|0|0|0|0|0|0|0|0,2|0|0|1|1|1,3|1|1|1|1|1|1|0,1,6|0,1,6|0,1|0,1|0,1,6|1|1|1|0,1,6|0,1|0,1|0,1|0|0|0|0|0|0|0|0|0,1|0,1|0,1|0,1|0,1,2|0,1|0,1|1|1|1,3|1|1|1|1|1|1|0,6|0,6|0|1|0,6|0|0|0|0,6|1|0|0|0|0|0|0|0|0|0|0|0|0|0|0|0|0|0|1|1|1,3|1|1|1|1|1|2,6|0,6|0,6|2|1|1|1|1|1|1|1|0|1|0|0|0|0|0|0|0|0|0|0|0|0|0|0|0|1|1|1,3|1|1|1|1|1|0,6|0,6|2,6|1|1|1|1|1|1|1|1|1|1|0|0|1|0|0|0|0|0|0|0|0|0|0|0|0|1|1|1,3|1|1|1|1|1|0,6|0,6|1|1|1|1|1|1|1|1|1|1|1|1|1|1|0|0|0|0|0|0|0|0|0|0|0|1|1|1|1,3|1|1|1|1|1|0,6|0,6|1|1|1|1|1|1|1|1|1|1|1|0|0|1|0|0|0|0|0|0|0|0|0|0|2|1|1|1|1,3|1|1|1|1|1|0,6|0,6|1|1|1|1|1|1|1|1|1|1|1|1|1|1|0|0|0|0|0|0|0|0|0|2|1|1|1|1|1,3|1|1|1|1|1|0,6|0,6|2,6|1|1|1|1|1|1|1|1|1|1|0|0|1|0|0|0|0|0|0|0|0|2|1|1|1|1|1|1,3|1|1|1|1|1|2,6|0,6|0,6|2|1|1|1|1|1|1|1|0|1|0|0|0|0|0|0|0|0|0|0|0|1|1|1|1|1|1|1,3|1|1|1|1|1|1|0,6|0,6|0|1|0,6|0|0|0|0,6|1|0|0|0|0|0|0|0|0|0|0|0|0|0|3|4,3|1,3|1,3|1,3|1,3|1,3|1|1|1|1|1|1|0,1,6|0,1,6|0,1|0,1|0,1,6|1|1|1|0,6|0|0|0|0|0|0|0|0|0|0|0|0|1|1|1|1|1|1|1|1|1|1|1|1|1|1|1|0,6|0,6|0|0|0,6|1|1|1|0,6|0|0|0|0|0|0|0|0|0|0|0|0|1|1|1|1|1,3|1,3|1,3|1,3|1,3|1,3|1,3|1|1|1|1|0,6|0,6|0|0|0,6|1|1|1|0,6|0|0|0|0|0|0|0|0|0|0|0|0|1|1|1|1|1|1|1|1|1|1|1|1|1|1|1|0,6|0,6|0|0|0,6|1|1|1|0,6|0|0|0|0|0|0|0|0|0|0|0|0|0|0|3|4,3|1,3|1,3|1,3|1,3|1,3|1|1|1|1|1|1|0,1,6|0,1,6|0,1|0,1|0,1,6|1|1|1|0,1,6|0,1|0,1|0,1|0,1|0,1|0,1|0,1|0,1|0|0|0|0,1|0,1|0,1|1|1|1|1|1|1|1,3|1|1|1|1|1|1|0,6|0,6|0|1|0,6|0|0|0|0,6|1|0|0|0|0|0|0|0|0|0|0|0|0|0|2|1|1|1|1|1|1,3|1|1|1|1|1|2,6|0,6|0,6|2|1|1|1|1|1|1|1|0|1|0|0|0|0|0|0|0|0|0|0|0|0|2|1|1|1|1|1,3|1|1|1|1|1|0,6|0,6|2,6|1|1|1|1|1|1|1|1|1|1|0|0|0|0|1|0|0|0|0|0|0|0|0|2|1|1|1|1,3|1|1|1|1|1|0,6|0,6|1|1|1|1|1|1|1|1|1|1|1|0,6|0,6|0,6|0,6|1|0|0|0|0|0|0|0|0|0|1|1|1|1,3|1|1|1|1|1|0,6|0,6|1|1|1|1|1|1|1|1|1|1|1|0|0|0|0|1|0|0|0|0|0|0|0|0|0|0|1|1|1,3|1|1|1|1|1|0,6|0,6|1|1|1|1|1|1|1|1|1|1|1|0,6|0,6|0,6|0,6|1|0|0|0|0|0|0|0|0|0|0|1|1|1,3|1|1|1|1|1|0,6|0,6|2,6|1|1|1|1|1|1|1|1|1|1|0|0|0|0|1|0|0|0|0|0|0|0|0|0|0|1|1|1,3|1|1|1|1|1|2,6|0,6|0,6|2|1|1|1|1|1|1|1|0|1|0|0|0|0|0|0|0|0|0|0|0|0|0|0|0|1|1|1,3|1|1|1|1|1|1|0,6|0,6|0|1|0,6|0|0|0|0,6|1|0|0|0|0|0|0|0|0|0|0|0|0|0|0|0|0|0|1|1|1,3|1|1|1|1|1|1|0,1,6|0,1,6|0,1|0,1|0,1,6|1|1|1|0,1,6|0|0|0|0|0|0|0|0|0|0|0|0|0|0,1,2|0,1|0,1|0,1|0,1|1|1|1,3|1|1|1|1|1|1|0,6|0,6|0|0|0,6|1|1|1|0,6|0|0|0|0|0|0|0|0|0|0|0|0|0|0,2|0|0|0|0|1|1|1,3|1|1|1|1|1|1|0,6|0,6|0|0|0,6|1|1|1|0,6|0|0|0|0|0|0|0|0|0|0|0|0|0|0,2|0|0|0|0|1|1|1,3|1|1|1|1|1|1|0,6|0,6|0|0|0,6|1|1|1|0,6|0|0|0|0|0|0|0|0|0|0|0|0|0|0,2|0|2|1|1|1|1|1,3|1|1|1|1|1|1|0,1,6|0,1,6|0,1|0,1|0,1,6|1|1|1|0,1,6|0,1|0,1|0,1|0,1|0|0|0|0|0|0|0|0|0,1|0,1,2|2,1|1|1|1|1|1|1,3|1|1|1|1|1|1|0,6|0,6|0|1|0,6|0|0|0|0,6|1|0|0|0|0|0|0|0|0|0|0|0|0|0|1|1|1|1|1,3|1,3|1,3|1|1|1|1|1|2,6|0,6|0,6|2|1|1|1|1|1|1|1|0|1|0|0|0|0|0|0|0|0|0|0|0|0|3|4,3|1,3|1,3|1|1|1|1|1|1|1|0,6|0,6|2,6|1|1|1|1|1|1|1|1|1|1|0|0|1|0|0|1|0|0|0|0|1|1|1|1|1|1|1|1|1|1|1|1|1|0,6|0,6|1|1|1|1|1|1|1|1|1|1|1|0,6|0,6|1|0,6|0,6|1|0|0|0|1|1|1|1|1|1|1|1|1|1|1|1|1|1|0,6|0,6|1|1|1|1|1|1|1|1|1|1|1|0|0|1|0|0|1|0|0|0|1|1|1|1|1|1|1|1|1|1|1|1|1|1|0,6|0,6|1|1|1|1|1|1|1|1|1|1|1|0,6|0,6|1|0,6|0,6|1|0|0|0|1|1|1|1|1|1|1|1|1|1|1|1|1|1|0,6|0,6|2,6|1|1|1|1|1|1|1|1|1|1|0|0|1|0|0|1|0|0|0|0|0|1|1|1|1|1|1|1|1|1|1|1|1|2,6|0,6|0,6|2|1|1|1|1|1|1|1|0|1|0|0|0|0|0|0|0|0|0|0|0|0|3,2|4,3|1,3|1,3|1|1|1|1|1|1|1|1|0,6|0,6|0|1|0,6|0|0|0|0,6|1|0|0|0|0|0|0|0|0|0|0|0|0|0|1|1|1|1|1,3|1,3|1,3|1|1|1|1|1|1|0,1,6|0,1,6|0,1|0,1|0,1,6|1|1|1|0,1,6|0,1|0,1|0,1|0,1|0,1|0|0|0|0|0|0,1|0,1|0,1,2|0,1|2,1|1|1|1|1|1|1,3|1|1|1|1|1|1|0,6|0,6|0|0|0,6|1|1|1|0,6|0|0|0|0|0|0|0|0|0|0|0|0|0,2|0|0|1|1|1|1|1|1,3|1|1|1|1|1|1|0,6|0,6|0|0|0,6|1|1|1|0,6|0|0|0|0|0|0|0|0|0|0|0|0|0,2|0|0|1|1|1|1|1|1,3|1|1|1|1|1|1|0,6|0,6|0|0|0,6|1|1|1|0,6|0|0|0|0|0|0|0|0|0|0|0|0|0,2|0|0|1|1|1|1|1|1,3|1|1|1|1|1|1|0,1,6|0,1,6|0,1|0,1|0,1,6|1|1|1|0,1,6|0,1|0,1|0|0|0|0|0|0|0|0|0|0,1|0,1,2|0,1|0,1|1|1|1|1|1|1,3|1|1|1|1|1|1|0,6|0|0|0|0,6|0|0|0|0,6|0|0|0|0|0|0|0|0|0|0|0|0|0|0|0|1|1|1|1|1|1,3|1|1|1|1|1|2|0|0|0|0|0|0|0|0|0,6|0|0|0|0|0|0|0|0|0|0|0|0|0|0|2|1|1|1|1|1|1,3|1|1|1|1|1|0|0|0|0|0|0|0|0|0|0,6|0|0|0|0|0|0|0|0|0|0|0|0|0|0|1|1|1|1|1,3|1,3|1,3|1|1|1|1|1|0|0|0|0|0|0|0|0|0|0,6|0|0|0|0|0|0|0|0|0|0|0|0|0|0|0|3|4,3|1,3|1,3|1|1|1|1|1|1|1|0|0|0|0|0|0|0|0|0|0|1|2|0|0|0|0|0|0|0|0|0|0|0|0|1|1|1|1|1|1|1|1|1|1|1|1|0|0|0|0|0|0|0|0|0|0|1|1|0|0|0|0|0|0|0|0|0|0|0|0|1|1|1|1|1|1|1|1|1|1|1|2|0|0|0|0|0|0|0|0|0|0|1|1|0,1|0,1,2|0,1|0|0|0|0|0|0|0|0|0,1|1|1|1|1|1|1|1|1|1|1|1|0,6|0,6|0,6|0,6|0,6|0,6|0,6|0,6|0,6|0,6|0,6|1|1|0,6|0,2,6|0,6|0,6|0,6|0,6|0,6|0,6|0,6|0,6|0,6|0,6|1|1|1|1|1|1|1|1|1|1|1|0,6|0,6|0,6|0,6|0,6|0,6|0,6|0,6|0,6|0,6|0,6|1|1|0,6|0,2,6|0,6|0,6|0,6|0,6|0,6|0,6|0,6|0,6|0,6|0,6|1|1|1|1|1|1|1|1|1|1|1|0,6|0,6|0,6|0,6|0,6|0,6|0,6|0,6|0,6|0,6|0,6|1|1|0,6|0,2,6|0,6|0,6|0,6|0,6|0,6|0,6|0,6|0,6|0,6|0,6|0,6|3,6|4,3,6|1,3|1,3|1|1|1|1|1|1|0,6|0,6|0,6|0,6|0,6|0,6|0,6|0,6|0,6|0,6|0,6|1|1|0,6|0,2,6|0,6|0,6|0,6|0,6|0,6|0,6|0,6|0,6|0,6|0,6|1|1|1|1|1,3|1,3|1,3|1,5,3|1|1|1|0,6|0,6|0,6|0,6|0,6|0,6|0,6|0,6|0,6|0,6|0,6|1|1|0,6|0,2,6|0,6|0,6|0,6|0,6|0,6|0,6|0,6|0,6|0,6|0,6|2,6|1|1|1|1|1|1|1|1|1|1|0,6|0,6|0,6|0,6|0,6|0,6|0,6|0,6|0,6|0,6|0,6|1|1|0,6|0,2,6|0,6|0,6|0,6|0,6|0,6|0,6|0,6|0,6|0,6|1|1|1|1|1|1|1|1|1|1|1|1|0,6|0,6|0,6|0,6|0,6|0,6|0,6|0,6|0,6|0,6|0,6|1|1|0,6|0,2,6|0,6|0,6|0,6|0,6|0,6|0,6|0,6|0,6|0,6|1|1|1|1|1|1|1|1|1|1|1|1|0,6|0,6|0,6|0,6|0,6|0,6|0,6|0,6|0,6|0,6|0,6|1|1|0,6|0,2,6|0,6|0,6|0,6|0,6|0,6|0,6|0,6|0,6|0,6|0,6|1|1|1|1|1|1|1|1|1|1|1|0|0|0|0|0|0|0|0|0|0|0|1|1|0|0,2|0|0|0|0|0|0|0|0|0|0|0|1|1|1|1|1|1|1|1|1|1|1|2|0|0|0|0|0|0|0|0|0|1|1|0|0,2|0|0|0|0|0|0|0|0|0|0|0|1|1|1|1|1|1|1|1|1|1|1|1|2|0|0|0|0|0|0|0|0|1|1|0,1|0,1,2|0,1|0,1|0|0|0|0,1|0,1|0,1|0,1|0,1|2,1|1|1|1|1|1|1|1|1|1|1|1|1|1|0|0|0|0|0|0|0|0|1|1|0|0|0|0|0|0|0|0|0|0|0|0|1|1|1|1|1,3|1,3|1,3|1|1|1|1|1|1|1|0|0|0|0|0|0|0|0|1|2|0|0|0|0|0|0|0|0|0|0|0|0|0|3|4,3|1,3|1,3|1|1|1|1|1|1|1|1|1|0|0|0|0|0|1|0|1|0|0|0|0|0|0|0|0|0|0|0|0|0|0|1|1|1|1|1|1|1|1|1|1|1|1|1|1|0|0|0|0|0|1|0|1|0|0|0|0|0|0|0|0|0|0|0|0|1|1|1|1|1|1|1|1|1|1|1|1|1|1|1|1|0|0|1|1|0|1|0|1|0|1|1|0|0|0|0|0|0|0|0|1|1|1|1|1|1|1|1|1|1|1|1|1|1|1|1|1|0|0|1|1|4,3|1|4,3|1|4,3|1|1|0|0|0|0|0|1|1|0|1|1|1|1|1|1|1|1|1|1|1|1|1|1|1|1|1|0|0|1|1|1,3|1|1,3|1|1,3|1|1|0|0|0|0|0|1|1|0|0|1|1|1|1|1|1|1|1|1|1|1|1|1|1|1|1|0,6|0,6|1|1|1,3|1|1,3|1|1,3|1|1|0,6|0,6|0,6|0,6|0,6|1|1|0,6|2,6|1|1|1|1|1|1|1|1|1|1|1|1|1|1|1|1|0,6|0,6|1|1|1,3|1|1,3|1|1,3|1|1|0,6|1|1|1|1|1|1|1|1|1|1|1|1|1|1|1|1|1|1|1|1|1|1|1|1|0,6|0,6|1|1|1,3|1|1,3|1|1,3|1|1|1|1|1|1|1|1|1|1|1|1|1|1|1|1|1|1|1|1|1|1|1|1|1|1|1|0,6|0,6|1|1|1|1|1,3|1|1|1|1|1|1|1|1|1|1|1|1|1|1|1|1|1|1|1|1|1|1|1|1|1|1|1|1|1|1|1|1|1|1|1|1,4,3|1|1|1|1|1|1|1|1|1|1|1|1|1|1|1|1|1|1|1|1|1|1|1|1|1|1|
